115281718799179
454068658177638
392994346736028
516195229520942
419062553976341
401079410879716
176637904119642
80329102659418
420599296168869
378700070927851
169911835005499
443552544359787
12816176076304
411379014081682
109032767169962
171734247481287
550842750342753
37897349826031
142985283239123
231970601317524
389399795180574
135640096434108
268663748045349
383136327190384
434692401568243
370269111017029
218405147902904
190155041519944
452567965313452
388988798261035
105794303645096
212982934843154
136104437030866
329666133412930
369367066859188
409680774148492
78441754658486
214138096095534
1138668766253
228467827214684
249891057577926
492663829319784
113169370126848
181274239616333
45429107675233
122104671289661
121013043472530
167619083916256
132086351312156
129700619568928
18817933622790
252651475193812
395117691617220
158817181124429
309006991637778
318681312333479
271901041938498
70032950335770
420024253088224
251472901051314
125333635739377
322149798407308
69932886506442
426554760567488
472875097599938
82429223610414
51535156438079
337670528477372
127689317306032
228086533884466
58891535193672
273901000993638
342951412991142
126616820133561
187439003347053
272658828059744
97608586386982
376831102132806
552686704612547
357165781841899
183128854973521
285355054212093
350091029382471
469464402280811
428015197634080
75243137134774
152247011553546
467562292059438
74206053732281
360244081500266
532911136801201
538218496562341
491837015912779
140927591380909
401651574557715
140924616165793
562800904410821
544905438830423
366501839121682
120257820044868
67834855698508
512123479757389
488846970082125
319372744735165
93618648346937
46702789844348
362158151263066
324563404186891
260796033219859
241395951608932
123646239822071
46330825176842
214745097130986
253866380790107
499119712953616
189888049599563
511708371580009
448761528333981
81801946201648
164127891104160
190958019559366
443329042977219
559279111756694
256999687368677
120367631039329
541622508026152
477585180203691
316660110643180
237902336342532
304043854457229
239739343903075
67860545677064
37550862816473
336336800202283
147358300152745
26377517469287
460002786880669
311136302776622
391041312868699
222134011467103
300595624885325
428686758631401
527769373819173
79155822811901
92980697098931
348929067198736
249099117710660
455286906094199
382382265474097
332412568755260
75339675298649
151435340935063
196626711294150
157168830769802
150261610984635
533110077526560
374581501376684
71478160949843
470641007192885
154573390661328
555961986110568
431782954759592
521901845145121
318271035567
559670707454302
302620044918932
362954338400840
33851959757815
238385194815466
382142026856226
109751999311328
562065656738591
229212361401690
559415715614171
366763632546086
25940559061187
245090149948475
95212646611220
319401744420987
48918891190047
238798778526878
537448565514431
398356375394183
476894340320652
373454767998539
307001854830800
187294924170926
424188499789678
171740592293292
92012457633791
213752241124741
85988607326128
383569915696484
191471644450359
100129958653223
19571273398795
47131828043806
137140120387222
128584235892269
1369952318256
150967230784312
211564808182364
401253388699578
184658370491732
458107711505479
286781142274112
401318275521056
413654321405361
287710344630852
373114758245780
218840384836089
393546992494696
396032432501328
296935192831996
498499321015301
373748157832627
311116828314458
540264260595703
70008046107244
370520903490895
292255426778984
282600274604242
48610679370017
152599395014734
478544086647149
354666194240704
552330913352253
68887801506356
95692754241742
206149346916925
65691945691106
304601803114309
391159163689
379507189704321
368666270630165
451111105551636
185070367415661
397320340755401
6799260501674
549239812152237
286693722168746
305123802964934
54330259240994
254102989989279
292650749532864
130633678737579
541462899880185
428307908234502
193619071918004
352138631584419
470774168142875
376546802578465
149846651051384
16923640270342
132555681422627
90335649595214
83277741870476
9326177699608
114938182870793
462112929211274
479225286034790
233834362425653
506160521987679
230403206969856
562240763863756
91319843514013
32726125229121
252946878319884
26557085664813
28624165546801
21946516601377
218832339229820
196724902094747
249817598206156
36882430746476
270816983467991
11912275742359
49124122883597
130099952602607
369880490182609
551339561401185
301718101751806
240238155195017
425778404277501
438184938309444
130774345062545
396689428670826
200904664967589
187183094761649
195690619557467
242932526603291
253460660405066
168622419563986
40619604233785
106587757637263
19587893168083
258229807759132
394108383539739
554963606169972
93636963727961
102206811550006
529375308669461
383525730555209
523319432927734
185499099609862
551684630086057
218654165612476
173457390904707
226036318483435
74674063335574
330428414216636
190859277766450
487984642914315
477868296058285
526566229378272
549845480863854
116298880810141
131877714877420
282173749692393
466715658237892
155242921746287
178282749229406
377731297811898
302726205734826
535519001409505
179443771804703
505198416075660
464099229077766
508988592071348
211669573491963
210916577185692
551230418762598
337735131610941
105943765553228
212613300369386
59965282216189
560488502668811
543237523492027
220919709056498
338931681216169
127624249995709
424208613292965
1121496150963
355004159515262
93386235700091
71597014383903
139897539324253
485712854578279
400399190760811
80329501534168
477727756410112
340892540978901
306587000019850
379708679773514
235057172152827
351557405259903
153040902377990
504798047318710
280717786988062
272634282711867
82175349975574
360954935718703
152129148909412
559131517740881
355197131797669
69626566524405
9363854449285
340614329302640
169775019151456
278837455944671
131919584797802
56842510484499
221271910766815
189812419253953
386134728053685
178882427704616
8169713616540
486882903785703
504464045983698
306164144219674
481520451638273
18196977078952
467709974337755
104731228657404
250753962852032
9902221127941
78845893021491
540916536016218
312908783578596
59605659374025
319235236298363
248451449581714
537852844312503
438267765665915
207601393239611
357115957700877
549464472775373
418822419943768
466909470807364
471561558196409
200052507656285
227911857770680
335052222910410
301181135772475
82284855789174
492132963828151
510357669954959
438346634335949
371241368856267
178285320827144
83331902261532
398575492356919
257582451240067
424469096572354
162756316629224
63195939650326
415371895552499
30511399614577
336249943773195
264862836881563
402674855435451
306104623700192
527588298906144
153613667576266
41319565609231
112082761979594
391145253402031
394138501869440
52264512661590
323118837312273
56851291846946
363349974965907
514853814453563
130729294601884
506960666934883
278785461201934
11202612767838
435060348162482
465314672565675
172199497744955
65038759946486
264563894181218
337820894512699
505080565051571
110231125434113
264933193941970
515962633651350
336970508133483
481046346535080
37161371392337
378040571014777
68451032478052
462066955135334
129397162036288
335498275067617
310042755830866
88222336335292
293117172221926
184553017668738
47861876707251
270202053442364
475800693389219
375404482079713
264028538929945
224886230778482
198000967992352
67875571346302
500499544182088
500437126705224
28837185917533
191014391164648
101397984757663
244729335017734
459772150316191
462152597400138
22305229600460
494182854311448
37678470667864
189767453597717
95987145830518
158125704650513
138661926271691
216134857978239
229819719732663
473125218273514
276313119199502
419571577602171
238048206573245
267533261546216
185955666315963
260682329526241
297139927187194
479400977659222
199862575890999
315247618029589
375857396776055
240131652860007
473276901482270
298875173764578
379073650214565
227878639169768
562799286937675
116678543548593
272818071291580
142614599043366
137435212649024
39633131908181
458772140959831
287223694264411
502405976942284
282705756941502
322216896140048
408069304184937
365838837225575
20153552117057
169826125694223
392808110567476
108944315955962
229982851771837
88773620329902
128348343722835
528619061171305
59890324724421
389273385668081
132433530884533
199229293847933
184552621344717
136629010453342
366163467724667
370467893814029
285907086828153
402629336963013
264251548480428
55665194663532
325096403774718
372213208568938
86739239447415
421568994680219
290744833250659
156372311250050
392031426467763
542880646638848
204748118462259
88323104786430
257100219973219
194748240934644
220270408412474
478434775307529
388492384892859
250851370231665
204603362738703
172041086309592
547137178302640
9197905841127
119429305641329
524623487795472
475414254365664
90378376681645
85004812347903
343211563852175
539360840716649
382362082350970
99212269504558
220113393749156
450918470545367
305978012284709
98737558735104
228978414063060
84113430576383
479075671616379
489163617443167
468001059212682
371432593289566
14371198688015
22829872008903
40041420627637
528366939079485
98520378576980
508095610613465
160150142027626
43771650311061
376379061891484
284777975675709
73739409995122
414460591942592
367261624097585
131460130048605
462321715631492
450737784716870
455536493497721
293953799947434
240342029072660
10517644923740
235992945733188
133167461128663
156405941270498
358104349831209
397365432539998
489982360841318
192006186503526
500829927253562
523108069189431
547626939856428
486312715610920
461666984118436
130708240881877
344842141121162
382008774333232
59223108517122
59280295534020
429895121869527
153574307907931
472104350489474
146993748609093
194654624932548
451851230135900
170288471392132
451551687712353
31939740691180
423264413764352
355389267965621
138280335250683
282088785164603
170467654921544
202199785928661
388288555851450
330238216994313
293047886898299
86522457244928
322079594261050
354113666422639
275478029245973
348821984884849
34794593664602
174279161497748
251081403879109
548349925311399
74790757211326
308348446418116
183600820591977
200853958494752
486046563532662
225662814458854
363617912719226
440662160992879
474860711974226
159233707534056
1623199556251
297550417491487
104970808127438
295175053592560
406831960503735
179635512203119
481026097905328
139752626065041
518833842537467
552087249668730
384874233825712
359719711080722
289620522132530
439063335081227
161367844654308
231495045652642
106507964925229
179335047782895
372958852125228
454874443682346
560875420112640
489645448693395
392087759214173
344216329102478
187634938355713
108201606722781
393272556905603
515149540519060
315969913158205
479763094208496
186730508990335
321721020782973
337564876880001
394403668289477
200170053974214
232765395776877
438568545543201
482246623939607
290106240864161
220326717552504
57662783474627
48556719007513
471710042554008
285067214774061
150058611238381
403136727528734
527887049218656
300031079293707
459181937311570
278945564790145
206982595526444
364373285749028
524532026080726
222718727429839
32075105358883
495040729061545
477842069587349
33661652582441
242753543460691
262103282647650
462746574420498
168907337368903
105327986838543
149181056339964
472056540830977
311576772570241
22016618550416
350966457953227
370345078943073
322667322137579
495148315009455
538615000710907
24902049873239
19085241408058
82391269799253
169713378211977
402779104449792
98304058943091
190335799090253
231195740146614
294522565576624
515765259061454
398855214091213
127923698999197
315340065050466
472685373888829
96394313453178
521563037563615
208594803905645
445107561644791
363708440727376
263178294775846
370402520416631
400613428206410
483672116280710
267221337059598
562650465969646
198091860280483
318678338136526
490668999261483
179748123175721
299986176557286
102173457637570
91683498654975
274511946275193
410490993084671
75500079725718
164545709233236
138360437179684
472828377405601
230739201185968
20453670873789
128941960420058
220434688921565
271297424458555
5315249905637
410443697071325
130986713138230
83659441520322
267590151010640
521937516114544
370609231094969
43556854328085
540055664621567
347714391981842
454867758432611
417676999236178
308211560291164
24637053088113
178554369570031
298156004961995
280356580454921
557101109090590
102544060091633
515535571239527
582297213608
306041016220657
130088162386313
47715018967850
481478479135492
272176676164951
229012479080506
332912727970782
25159304578888
20720467264026
511805831907090
27595609848751
127899944360263
52881550291395
271101237732388
161957632464489
24012828036446
311868818714245
552485932990183
303534886520118
350611075387150
480410038317212
315058111070857
548163635057665
329873125415551
60362181004843
293045400917847
253692815962895
541128750751217
16251495713314
371970618081110
22034471550512
96711692521209
163949127878747
511771687419738
13064429566464
188481713894975
191395908081296
91508342768227
189752113769047
321589138091767
522893641278348
365599486954439
60821964393962
75362642845722
102251232384748
192215053507259
79895456610132
227591206751168
14258301280338
316044517633060
212970158565217
318762586959833
302277302800819
243015762938804
80697444588041
305880102475021
378512977088719
347112921238507
429075772683812
498306667553085
15936604930146
470496678877591
337997066880121
121238492419889
94276990104655
139537179293366
167792301611440
300866144370018
201948262079645
509411523734350
2956279972150
318658934206998
184625754759332
424720589415668
143090608943234
23559166790752
61783102505378
552850569346424
463820786226844
539957648734371
423003335640099
508617354092202
175931711885721
121336161781131
472935541682283
335741402895557
39403748840125
62167345861741
202781657366712
402404473321393
535679071210962
392821327956407
429336415990722
122889748802694
378891489715360
338803620048184
197533373201403
224479877167403
296145571151143
264507468908769
427843028883303
444752137551310
31798207047996
71446385877674
18685111725950
203676100006321
370879893456218
225873475326460
148522190043146
521881076938964
217509184224905
97535642047765
543835236889769
255390085362667
86800211402528
23137305684011
45257855365033
329926566195536
297568124788843
395981951934441
399360873444893
362198444019026
98484522880401
26982241202437
189679203622063
177909391746257
267321819960113
243364240533541
374417558077498
449637161846279
352021475810003
126889257236602
419916232361717
36471446617050
224849890806495
465916012386335
115074160706871
364327399818486
443306295450173
309910504651886
249930560456963
241956719081086
546770492335424
212226942863220
503568772504316
1779379879934
321675880923222
14779485653825
177773289128717
17273302920993
361910479148214
233850888871729
211679489393084
552246466469949
138364149127331
188060955686751
130418334130591
260765868555884
549340338504027
322655943391088
313820635782405
106088360467869
117859345369810
498905816990918
281042452530136
222356780274498
214594283767534
100526472776056
267742601763301
146814684639190
452395161189610
504561433593378
395902042065772
68501857178618
351952689125393
478120245461791
489385604231369
509308844663622
343063190965517
401007178710369
358074863321380
69743870874419
188390269946
171196074296892
408614424553946
115850405447863
162086414233769
535925928017539
162666037628222
110937803111254
515074362941800
140510123564980
132378003745432
394644409805418
558811481114171
2927249304235
560564845226674
188016334085613
110389509445440
541043617542774
224187952513051
15482052578801
251345577702728
463605990538727
61367370759070
52940133977553
211019805831314
118932843961745
229259823334469
240245181282800
144913522429897
145854343767942
205841609921834
411605267477882
149339385291308
70762435419645
57114896436675